499
58  451 444 197 400
43  671 887 407 950
258 213 366 509 278
860 911 108 74  237
960 711 317 589 354
52  923 572 664 115
570 106 751 350 32
540 140 264 225 707
720 625 89  546 13
528 139 548 211 101
552 823 278 71  165
464 17  912 70  262
380 232 885 543 545
779 871 457 507 8
340 778 615 539 890
83  58  174 369 70
869 775 809 497 58
534 587 576 183 647
380 236 397 88  427
826 15  387 425 541
370 170 316 31  887
27  233 404 649 290
737 563 249 718 445
261 262 303 76  472
425 106 201 182 736
18  164 254 708 303
510 431 131 609 86
856 731 542 592 853
859 308 973 967 572
606 464 45  209 134
15  372 125 217 176
485 281 731 112 805
72  827 427 389 308
468 599 537 535 512
111 944 829 453 410
50  973 200 443 394
715 24  314 24  624
203 203 694 442 795
919 793 932 336 570
492 443 838 62  342
656 584 882 997 982
700 757 709 580 646
736 565 918 644 757
343 304 103 730 186
230 816 127 324 254
690 6   451 502 917
782 79  238 124 648
767 805 352 657 838
128 747 624 139 201
271 514 475 174 455
722 503 671 684 230
328 982 478 483 197
612 96  496 70  864
666 494 818 93  374
279 591 257 103 815
221 749 700 949 389
801 870 172 746 120
305 988 250 219 17
624 119 869 596 543
199 226 51  239 76
4   378 128 836 450
156 469 951 644 179
151 201 603 259 952
177 333 361 581 443
311 400 147 399 78
42  157 269 720 818
143 246 749 549 749
124 477 979 907 302
934 907 491 980 530
469 428 530 303 893
313 731 297 826 549
315 920 582 59  301
594 579 72  540 650
341 346 109 473 219
672 809 35  246 867
528 198 41  744 676
37  563 686 69  796
667 795 750 877 999
602 776 404 335 322
384 854 88  428 99
715 835 761 869 608
861 549 587 517 477
425 820 785 714 600
866 662 456 602 287
564 505 946 305 743
962 418 534 386 937
393 511 677 642 95
200 823 503 920 828
496 916 597 288 203
782 363 941 521 444
770 834 796 451 374
524 150 56  968 707
765 154 959 239 929
401 832 486 94  492
385 798 217 980 443
634 364 974 949 194
973 791 369 742 750
470 445 114 136 374
515 861 32  60  347
985 867 792 463 
